-------
0.483333333333 0.5 0.483333333333 0.483333333333 0.483333333333 0.533333333333 0.483333333333 0.633333333333 0.583333333333 0.666666666667 0.533333333333 0.7 0.65 
-------
0.6 0.6 0.6 0.6 0.6 0.514285714286 0.6 0.542857142857 0.5 0.528571428571 0.514285714286 0.642857142857 0.471428571429 
-------
0.65 0.65 0.65 0.65 0.65 0.7125 0.65 0.6375 0.6625 0.675 0.6875 0.6 0.6625 
-------
0.4 0.433333333333 0.4 0.4 0.4 0.516666666667 0.4 0.6 0.7 0.566666666667 0.716666666667 0.483333333333 0.716666666667 
-------
0.6 0.6 0.6 0.6 0.6 0.54 0.6 0.54 0.56 0.54 0.52 0.6 0.5 
-------
0.816666666667 0.816666666667 0.816666666667 0.816666666667 0.816666666667 0.733333333333 0.816666666667 0.75 0.75 0.8 0.683333333333 0.783333333333 0.716666666667 
-------
0.616666666667 0.616666666667 0.616666666667 0.616666666667 0.616666666667 0.666666666667 0.616666666667 0.683333333333 0.633333333333 0.666666666667 0.716666666667 0.716666666667 0.666666666667 
-------
0.585714285714 0.571428571429 0.585714285714 0.585714285714 0.585714285714 0.728571428571 0.585714285714 0.714285714286 0.585714285714 0.7 0.614285714286 0.657142857143 0.7 
-------
0.46 0.58 0.46 0.46 0.46 0.82 0.46 0.88 1.0 0.88 0.9 0.86 0.94 
-------
0.48 0.58 0.48 0.48 0.52 0.76 0.38 0.72 0.7 0.78 0.72 0.56 0.64 
-------
0.766666666667 0.766666666667 0.766666666667 0.766666666667 0.766666666667 0.633333333333 0.766666666667 0.7 0.483333333333 0.733333333333 0.466666666667 0.766666666667 0.516666666667 
-------
0.78 0.78 0.78 0.78 0.78 0.78 0.78 0.74 0.7 0.74 0.68 0.78 0.64 
-------
0.72 0.72 0.72 0.72 0.72 0.72 0.72 0.78 0.8 0.74 0.78 0.68 0.7 
-------
0.42 0.46 0.42 0.42 0.44 0.86 0.46 0.66 0.76 0.56 0.74 0.34 0.66 
-------
0.666666666667 0.666666666667 0.666666666667 0.666666666667 0.666666666667 0.85 0.666666666667 0.8 0.866666666667 0.7 0.85 0.85 0.8 
-------
0.666666666667 0.65 0.666666666667 0.666666666667 0.666666666667 0.833333333333 0.666666666667 0.666666666667 0.566666666667 0.65 0.616666666667 0.683333333333 0.466666666667 
-------
0.728571428571 0.728571428571 0.728571428571 0.728571428571 0.728571428571 0.685714285714 0.728571428571 0.7 0.728571428571 0.685714285714 0.714285714286 0.628571428571 0.728571428571 
-------
0.642857142857 0.642857142857 0.642857142857 0.642857142857 0.642857142857 0.585714285714 0.642857142857 0.6 0.571428571429 0.6 0.6 0.614285714286 0.628571428571 
-------
0.88 0.88 0.88 0.88 0.88 0.76 0.88 0.84 0.88 0.86 0.88 0.84 0.92 
-------
0.828571428571 0.828571428571 0.828571428571 0.828571428571 0.828571428571 0.557142857143 0.828571428571 0.628571428571 0.528571428571 0.614285714286 0.485714285714 0.8 0.571428571429 
-------
0.55 0.55 0.55 0.55 0.55 0.7 0.55 0.65 0.55 0.633333333333 0.6 0.566666666667 0.683333333333 
-------
0.385714285714 0.3 0.385714285714 0.385714285714 0.385714285714 0.385714285714 0.385714285714 0.4 0.471428571429 0.442857142857 0.442857142857 0.457142857143 0.442857142857 
-------
0.75 0.75 0.75 0.75 0.75 0.6 0.75 0.733333333333 0.7 0.716666666667 0.683333333333 0.75 0.65 
-------
0.5 0.4375 0.5 0.5 0.5 0.3625 0.5 0.425 0.4 0.45 0.4375 0.5 0.475 
-------
0.775 0.775 0.775 0.775 0.775 0.65 0.775 0.7375 0.6625 0.75 0.6875 0.725 0.5875 
-------
0.571428571429 0.585714285714 0.571428571429 0.571428571429 0.571428571429 0.542857142857 0.571428571429 0.514285714286 0.628571428571 0.557142857143 0.642857142857 0.528571428571 0.514285714286 
-------
0.6875 0.6875 0.6875 0.6875 0.6875 0.65 0.6875 0.7625 0.6 0.7375 0.6125 0.575 0.725 
-------
0.5875 0.55 0.5875 0.5875 0.5875 0.4 0.5875 0.4875 0.3375 0.4375 0.35 0.5125 0.4625 
-------
0.766666666667 0.766666666667 0.766666666667 0.766666666667 0.766666666667 0.766666666667 0.766666666667 0.733333333333 0.666666666667 0.733333333333 0.7 0.766666666667 0.7 
-------
0.8 0.8 0.8 0.8 0.8 0.75 0.8 0.7 0.55 0.65 0.55 0.675 0.5 
